0.0
0.024639195
0.029360149
0.038560305
0.037335437
0.025409603
0.04982224
0.025073485
0.0372869
0.037666302
0.030859476
0.027062574
0.08251839
0.025280014
0.029866884
0.037614208
0.037613545
0.026842635
0.051919222
0.029508373
0.039287154
0.041840073
0.034088135
0.027901374
0.08170545
0.025193954
0.035423275
0.041360166
0.039800506
0.03234836
0.051413283
0.03404903
0.037976846
0.039079618
0.031828705
0.030867334
0.08726211
0.032598708
0.035334412
0.043520007
0.03581026
0.032907285
0.055885844
0.028778078
0.04244786
0.043178182
0.034264863
0.02875371
0.09611688
0.031699993
0.034152437
0.047092
0.04832504
0.03355388
0.059171606
0.038505238
0.043863118
0.051649544
0.038407028
0.028451156
0.096668646
0.037343744
0.052235223
0.04306378
0.041659642
0.037511118
0.063732654
0.031150306
0.03549383
0.043047
0.039795928
0.043268222
0.09083047
0.033637773
0.04178146
0.040710058
0.04047337
0.03491211
0.061224498
0.03303851
0.040043008
0.050255314
0.03972222
0.038781956
0.09453033
0.036266353
0.044013552
0.05484694
0.056122452
0.041322313
0.06776858
0.029492449
0.054823782
0.060875773
0.04881657
0.040680468
0.09034985
0.044213776
0.03839999
0.041999996
0.050812166
0.045397762
0.06553819
0.046440955
0.060660932
0.058850158
0.041587904
0.04158791
0.08506616
0.038024694
0.055802476
0.054235548
0.060950425
0.048037194
0.079502426
0.048134144
0.05045352
0.04988663
0.04818595
0.044021413
0.091017246
0.038667463
0.066874996
0.080625005
0.08062499
0.049967125
0.064431295
0.04996713
0.05193951
0.047783934
0.040858723
0.055401657
0.09569029
0.048210364
0.042366683
0.04382761
0.045524683
0.0478395
0.07330248
0.0486111
0.052244898
0.05469388
0.057959188
0.044081636
0.1297578
0.047577854
0.040657446
0.054498274
0.063360885
0.040404037
0.053259872
0.04407713
0.05325987
0.06542969
0.048828125
0.041015625
0.095703125
0.059570312
0.055150885
0.06659729
0.047866795
0.04578563
0.07804371
0.044444457
0.043333348
0.055555567
0.061111122
0.04555557
0.10344828
0.05350773
0.058263972
0.066587396
0.066587396
0.043995243
0.07397959
0.05102041
0.0752551
0.047193877
0.06505101
0.049744893
0.13265306
0.05898491
0.048010968
0.05761316
0.08916323
0.060356643
0.074074075
0.05349793
0.09171598
0.045857996
0.045857996
0.069526635
0.08579882
0.056213025
0.07840236
0.086399995
0.059200007
0.051200002
0.0624
0.049600005
0.067200005
0.080000006
0.063999996
0.059027784
0.07465279
0.07986113
0.0607639
0.052083347
0.059027787
0.059027787
0.08333334
0.06250001
0.06616257
0.081285454
0.08506618
0.047258973
0.119092636
0.0642722
0.068052925
0.073723994
0.079395086
0.05103969
0.074380174
0.092975214
0.07438018
0.0640496
0.07438017
0.05991737
0.103305764
0.07644627
0.07438015
0.08057851
0.068027206
0.06122449
0.09750568
0.054421764
0.08843538
0.06575964
0.054421764
0.06802722
0.11111112
0.05215419
0.056689337
0.074829936
0.1025
0.07000001
0.099999994
0.065000005
0.112499975
0.060000014
0.065
0.082499996
0.11999999
0.06750001
0.06250001
0.08249999
0.06000001
0.060941838
0.08864266
0.06648201
0.08033241
0.07202216
0.09695292
0.07202216
0.13019392
0.060941845
0.07756234
0.08033241
0.07479224
0.047091424
0.08587258
0.07407406
0.07098764
0.052469127
0.067901224
0.07098764
0.1574074
0.074074075
0.064814806
0.08641975
0.061728388
0.07407407
0.098765425
0.055555545
0.067901224
0.08641975
0.061728388
0.083044976
0.12802768
0.07612456
0.065743946
0.07266435
0.069204144
0.083044976
0.089965396
0.07266435
0.0934256
0.06574394
0.07958477
0.07958477
0.1349481
0.11072664
0.055363312
0.06574394
0.07266435
0.08203125
0.09375
0.078125
0.09765625
0.08203125
0.07421875
0.0859375
0.140625
0.0703125
0.078125
0.109375
0.0703125
0.078125
0.10546875
0.07421875
0.0703125
0.078125
0.07421875
0.06640625
0.1015625
0.06222224
0.080000006
0.08000001
0.066666685
0.06222224
0.10666668
0.07555557
0.11111113
0.066666685
0.066666685
0.06222224
0.17333335
0.09333334
0.093333334
0.11555557
0.07111112
0.08444445
0.14666669
0.09333335
0.06222224
0.097777784
0.057777792
0.066666685
0.112244904
0.08163265
0.071428575
0.07142858
0.10204081
0.07142858
0.107142866
0.08163265
0.06632654
0.112244904
0.06632654
0.066326536
0.18367347
0.08163265
0.0867347
0.08163265
0.09183675
0.10204083
0.11224489
0.07653061
0.13265306
0.096938774
0.07653061
0.06632654
0.11224489
0.07653062
0.08163265
0.071005926
0.118343204
0.08284026
0.08284025
0.07692309
0.06508877
0.10650889
0.15976334
0.100591734
0.100591734
0.11242605
0.08875742
0.08875741
0.106508896
0.100591734
0.10059173
0.118343204
0.076923095
0.19526628
0.08875741
0.08284026
0.11242605
0.07100593
0.09467457
0.11242605
0.08875741
0.08284026
0.100591734
0.07100593
0.11242605
0.08875742
0.09722224
0.08333334
0.13888891
0.097222246
0.09722224
0.11111112
0.09722224
0.11111112
0.10416669
0.09027779
0.13194446
0.1388889
0.08333335
0.09722224
0.1388889
0.0625
0.12500001
0.08333334
0.08333334
0.09722224
0.12500001
0.08333334
0.19444445
0.10416669
0.08333334
0.06944445
0.16666667
0.09722224
0.13194446
0.097222224
0.09027779
0.11111113
0.09027779
0.097222246
0.12500001
0.10416667
0.09027779
0.074380174
0.1570248
0.10743803
0.13223141
0.08264464
0.12396695
0.10743804
0.099173576
0.09090911
0.12396696
0.074380174
0.09090911
0.08264464
0.15702482
0.10743804
0.13223141
0.08264464
0.099173576
0.08264464
0.1570248
0.10743804
0.099173576
0.099173576
0.08264464
0.12396696
0.12396696
0.12396698
0.10743803
0.19008267
0.10743804
0.08264464
0.14876035
0.08264464
0.06611571
0.10743804
0.099173576
0.099173576
0.10743803
0.099173576
0.074380174
0.09090911
0.08264464
0.10743804
0.15702482
0.10743804
0.14000002
0.18000002
0.11999999
0.11
0.12
0.12
0.1
0.09
0.29999995
0.12
0.1
0.1
0.110000014
0.09
0.14000002
0.1
0.18
0.12
0.110000014
0.18
0.14000002
0.10999999
0.12
0.14
0.1
0.11
0.11
0.12
0.18
0.14
0.11
0.12000001
0.120000005
0.09
0.1
0.09
0.18000002
0.18000002
0.12
0.12
0.18
0.09
0.12
0.080000006
0.110000014
0.14
0.12
0.12
0.14000002
0.12
0.080000006
0.09
0.16
0.09
0.13580248
0.14814815
0.16049382
0.11111111
0.09876543
0.11111111
0.13580248
0.11111111
0.11111111
0.13580248
0.35802472
0.09876543
0.11111111
0.12345679
0.09876543
0.09876543
0.13580248
0.13580248
0.11111111
0.13580248
0.13580248
0.16049382
0.20987655
0.13580248
0.09876543
0.11111111
0.13580248
0.086419754
0.12345679
0.11111111
0.086419754
0.16049382
0.11111111
0.11111111
0.11111111
0.11111111
0.16049382
0.11111111
0.12345679
0.13580248
0.16049382
0.11111111
0.13580248
0.13580248
0.13580248
0.13580248
0.18518516
0.13580248
0.12345679
0.11111111
0.11111111
0.16049382
0.11111111
0.09876543
0.16049382
0.13580248
0.13580248
0.09876543
0.20987654
0.09876543
0.1728395
0.12345679
0.09876543
0.13580248
0.12345679
0.13580248
0.09876543
0.140625
0.15625
0.140625
0.125
0.125
0.09375
0.1875
0.15625
0.125
0.109375
0.125
0.15625
0.125
0.125
0.125
0.15625
0.140625
0.15625
0.125
0.125
0.125
0.125
0.125
0.125
0.125
0.15625
0.125
0.21875
0.125
0.140625
0.15625
0.125
0.125
0.125
0.125
0.140625
0.125
0.125
0.140625
0.21875
0.140625
0.109375
0.125
0.140625
0.125
0.125
0.125
0.09375
0.15625
0.109375
0.109375
0.15625
0.109375
0.125
0.140625
0.1875
0.125
0.125
0.109375
0.125
0.25
0.125
0.078125
0.15625
0.125
0.15625
0.125
0.125
0.125
0.1875
0.109375
0.109375
0.125
0.15625
0.140625
0.15625
0.125
0.125
0.140625
0.109375
0.125
0.234375
0.1875
0.109375
0.15625
0.109375
0.15625
0.14285716
0.122448996
0.14285716
0.16326533
0.10204083
0.14285716
0.14285716
0.18367349
0.18367349
0.122448996
0.10204083
0.16326532
0.18367349
0.14285716
0.14285716
0.122448996
0.122448996
0.14285716
0.14285716
0.14285716
0.14285716
0.122448996
0.122448996
0.14285716
0.30612248
0.14285716
0.1836735
0.1836735
0.14285716
0.122448996
0.14285716
0.14285716
0.1836735
0.14285716
0.14285716
0.14285716
0.26530614
0.18367349
0.14285716
0.14285716
0.22448981
0.14285716
0.22448982
0.14285716
0.14285716
0.18367349
0.14285716
0.16326533
0.1836735
0.122448996
0.122448996
0.14285716
0.14285716
0.122448996
0.14285715
0.10204083
0.18367349
0.16326533
0.14285716
0.14285716
0.1836735
0.122448996
0.122448996
0.122448996
0.10204083
0.18367349
0.16326533
0.16326533
0.1836735
0.26530614
0.18367349
0.14285716
0.14285716
0.10204083
0.18367349
0.122448996
0.14285716
0.122448996
0.122448996
0.14285716
0.1836735
0.122448996
0.18367349
0.22448982
0.18367349
0.14285716
0.122448996
0.14285716
0.14285716
0.1836735
0.26530612
0.14285716
0.18367349
0.18367349
0.14285716
0.18367349
0.18367349
0.122448996
0.122448996
0.14285716
0.14285716
0.18367349
0.22448982
0.14285716
0.18367349
0.14285716
0.122448996
0.122448996
0.1836735
0.14285716
0.122448996
0.122448996
0.18367349
0.16326532
0.14285716
0.122448996
0.22222224
0.16666667
0.16666667
0.16666667
0.22222222
0.16666667
0.16666667
0.1388889
0.16666667
0.16666667
0.22222224
0.16666667
0.16666667
0.1388889
0.22222224
0.16666667
0.16666667
0.16666667
0.1388889
0.16666667
0.22222222
0.22222222
0.22222224
0.16666667
0.1388889
0.16666667
0.16666667
0.16666667
0.16666667
0.1388889
0.1388889
0.16666667
0.22222222
0.16666667
0.16666667
0.16666667
0.11111112
0.1388889
0.16666667
0.22222222
0.16666667
0.1388889
0.1388889
0.25000003
0.22222224
0.16666667
0.16666667
0.16666667
0.16666667
0.16666667
0.16666667
0.16666667
0.16666667
0.16666667
0.16666667
0.16666667
0.1388889
0.1388889
0.19444446
0.16666667
0.1388889
0.22222224
0.1388889
0.19444445
0.19444446
0.16666667
0.16666667
0.22222224
0.16666667
0.16666667
0.19444446
0.16666667
0.1388889
0.19444446
0.16666667
0.19444445
0.22222224
0.1388889
0.16666667
0.16666667
0.22222224
0.1388889
0.1388889
0.22222222
0.16666667
0.16666667
0.16666667
0.1388889
0.22222222
0.16666667
0.16666667
0.16666667
0.16666667
0.1388889
0.11111112
0.16666667
0.16666667
0.1388889
0.1388889
0.16666667
0.22222222
0.22222222
0.16666667
0.22222224
0.1388889
0.22222224
0.16666667
0.1388889
0.22222222
0.1388889
0.16666667
0.16666667
0.33333334
0.16666667
0.22222224
0.16666667
0.16666667
0.16666667
0.1388889
0.16666667
0.1388889
0.22222224
0.16666667
0.16666667
0.22222222
0.16666667
0.16666667
0.16666667
0.22222224
0.16666667
0.22222222
0.16666667
0.16666667
0.16666667
0.16666667
0.22222224
0.22222224
0.1388889
0.1388889
0.16666667
0.11111112
0.1388889
0.16666667
0.22222224
0.16666667
0.16666667
0.1388889
0.22222222
0.22222224
0.16666667
0.16666667
0.16666667
0.1388889
0.16666667
0.16666667
0.16666667
0.1388889
0.16666667
0.16666667
0.22222222
0.22222222
0.16666667
0.16666667
0.20000002
0.20000002
0.20000002
0.36
0.20000002
0.20000002
0.20000002
0.16000001
0.20000002
0.20000002
0.20000002
0.20000002
0.20000002
0.20000002
0.20000002
0.16000001
0.20000002
0.28000003
0.20000002
0.20000002
0.20000002
0.20000002
0.28000003
0.20000002
0.20000002
0.28000003
0.16000001
0.20000002
0.24000002
0.20000002
0.16000001
0.20000002
0.20000002
0.28000003
0.20000002
0.20000002
0.20000002
0.28000003
0.20000002
0.28000003
0.16000001
0.20000002
0.28000003
0.20000002
0.20000002
0.20000002
0.16000001
0.28000003
0.20000002
0.20000002
0.20000002
0.20000002
0.16000001
0.28000003
0.28000003
0.20000002
0.16000001
0.20000002
0.16000001
0.20000002
0.28
0.28000003
0.20000002
0.20000002
0.20000002
0.20000002
0.24000002
0.20000002
0.16000001
0.20000002
0.20000002
0.16000001
0.20000002
0.28000003
0.20000002
0.28
0.16000001
0.20000002
0.120000005
0.20000002
0.20000002
0.20000002
0.20000002
0.20000002
0.16000001
0.20000002
0.20000002
0.16000001
0.20000002
0.28000003
0.20000002
0.28000003
0.20000002
0.20000002
0.20000002
0.28000003
0.20000002
0.20000002
0.20000002
0.20000002
0.20000002
0.120000005
0.20000002
0.16000001
0.16000001
0.28000003
0.20000002
0.16000001
0.20000002
0.20000002
0.28
0.28000003
0.20000002
0.28000003
0.20000002
0.20000002
0.120000005
0.20000002
0.16000001
0.20000002
0.20000002
0.20000002
0.20000002
0.20000002
0.20000002
0.20000002
0.20000002
0.20000002
0.20000002
0.44000003
0.16000001
0.16000001
0.24000002
0.20000002
0.16000001
0.16000001
0.20000002
0.20000002
0.20000002
0.16000001
0.20000002
0.28000003
0.20000002
0.28
0.20000002
0.20000002
0.20000002
0.20000002
0.20000002
0.20000002
0.20000002
0.36
0.16000001
0.28000003
0.20000002
0.20000002
0.16000001
0.16000001
0.28000003
0.20000002
0.20000002
0.20000002
0.16000001
0.16000001
0.20000002
0.20000002
0.16000001
0.20000002
0.20000002
0.120000005
0.28000003
0.28000003
0.28
0.20000002
0.28000003
0.20000002
0.16000001
0.20000002
0.20000002
0.20000002
0.20000002
0.20000002
0.20000002
0.20000002
0.20000002
0.16000001
0.20000002
0.20000002
0.20000002
0.20000002
0.20000002
0.20000002
0.20000002
0.20000002
0.20000002
0.20000002
0.20000002
0.28
0.16000001
0.20000002
0.16000001
0.20000002
0.16000001
0.28000003
0.28000003
0.28000003
0.16000001
0.20000002
0.20000002
0.20000002
0.20000002
0.28000003
0.20000002
0.20000002
0.20000002
0.16000001
0.20000002
0.28000003
0.20000002
0.28000003
0.28000003
0.20000002
0.20000002
0.16000001
0.16000001
0.20000002
0.20000002
0.16000001
0.16000001
0.28000003
0.20000002
0.20000002
0.28000003
0.20000002
0.20000002
0.28000003
0.20000002
0.28000003
0.20000002
0.20000002
0.20000002
0.20000002
0.16000001
0.25
0.1875
0.375
0.25
0.1875
0.25
0.25
0.25
0.25
0.25
0.1875
0.25
0.25
0.25
0.25
0.25
0.25
0.25
0.25
0.25
0.25
0.25
0.25
0.25
0.25
0.25
0.25
0.25
0.25
0.1875
0.375
0.1875
0.1875
0.375
0.25
0.25
0.25
0.1875
0.25
0.375
0.25
0.125
0.25
0.25
0.25
0.1875
0.25
0.25
0.25
0.25
0.25
0.25
0.25
0.25
0.375
0.25
0.25
0.25
0.25
0.25
0.375
0.25
0.25
0.25
0.25
0.25
0.375
0.25
0.25
0.25
0.25
0.25
0.25
0.25
0.25
0.1875
0.25
0.25
0.375
0.25
0.1875
0.25
0.25
0.25
0.25
0.25
0.375
0.25
0.25
0.1875
0.25
0.25
0.25
0.1875
0.1875
0.25
0.25
0.25
0.1875
0.25
0.25
0.1875
0.25
0.25
0.1875
0.1875
0.25
0.1875
0.25
0.25
0.25
0.1875
0.25
0.25
0.25
0.25
0.1875
0.25
0.25
0.1875
0.25
0.25
0.25
0.1875
0.1875
0.25
0.25
0.25
0.25
0.25
0.25
0.375
0.25
0.25
0.25
0.25
0.25
0.25
0.25
0.25
0.1875
0.1875
0.25
0.25
0.25
0.25
0.25
0.25
0.1875
0.25
0.375
0.25
0.25
0.25
0.25
0.25
0.375
0.1875
0.1875
0.1875
0.25
0.25
0.25
0.25
0.375
0.25
0.1875
0.25
0.25
0.1875
0.25
0.25
0.25
0.25
0.25
0.1875
0.1875
0.25
0.25
0.25
0.25
0.25
0.1875
0.375
0.25
0.25
0.25
0.25
0.1875
0.25
0.25
0.25
0.25
0.25
0.25
0.375
0.375
0.1875
0.25
0.25
0.25
0.1875
0.25
0.1875
0.1875
0.1875
0.25
0.1875
0.25
0.1875
0.25
0.25
0.25
0.25
0.25
0.25
0.1875
0.375
0.1875
0.25
0.25
0.1875
0.25
0.25
0.25
0.1875
0.25
0.1875
0.25
0.25
0.25
0.25
0.1875
0.25
0.25
0.25
0.25
0.25
0.25
0.25
0.25
0.25
0.25
0.25
0.25
0.375
0.375
0.375
0.25
0.375
0.25
0.1875
0.25
0.25
0.25
0.375
0.25
0.375
0.25
0.25
0.25
0.375
0.25
0.25
0.25
0.25
0.25
0.25
0.1875
0.25
0.375
0.1875
0.1875
0.25
0.1875
0.25
0.25
0.375
0.125
0.25
0.1875
0.25
0.375
0.25
0.1875
0.25
0.25
0.375
0.25
0.25
0.25
0.25
0.25
0.25
0.375
0.25
0.1875
0.25
0.1875
0.25
0.1875
0.375
0.1875
0.25
0.25
0.25
0.375
0.25
0.375
0.1875
0.25
0.25
0.25
0.1875
0.25
0.25
0.25
0.25
0.25
0.25
0.1875
0.25
0.25
0.25
0.1875
0.25
0.25
0.25
0.25
0.25
0.25
0.25
0.25
0.375
0.25
0.25
0.1875
0.25
0.25
0.25
0.25
0.25
0.25
0.25
0.25
0.1875
0.1875
0.25
0.25
0.25
0.25
0.1875
0.25
0.25
0.25
0.25
0.25
0.25
0.25
0.25
0.25
0.25
0.25
0.25
0.25
0.25
0.375
0.25
0.1875
0.1875
0.25
0.375
0.25
0.25
0.25
0.25
0.25
0.25
0.25
0.25
0.25
0.25
0.25
0.25
0.25
0.25
0.25
0.25
0.25
0.25
0.25
0.25
0.25
0.25
0.25
0.25
0.25
0.25
0.25
0.25
0.1875
0.25
0.25
0.25
0.1875
0.25
0.33333337
0.33333337
0.33333337
0.33333337
0.33333337
0.5555556
0.33333337
0.33333337
0.5555556
0.22222224
0.33333337
0.33333337
0.33333337
0.33333337
0.33333337
0.33333337
0.33333337
0.33333337
0.33333337
0.33333337
0.5555556
0.33333337
0.33333337
0.33333337
0.33333337
0.33333337
0.33333337
0.33333337
0.33333337
0.33333337
0.33333337
0.33333337
0.33333337
0.33333337
0.33333337
0.33333337
0.33333337
0.33333337
0.33333337
0.33333337
0.33333337
0.33333337
0.33333337
0.33333337
0.33333337
0.33333337
0.33333337
0.22222224
0.22222224
0.33333337
0.33333337
0.33333337
0.33333337
0.33333337
0.33333337
0.33333337
0.33333337
0.33333337
0.22222224
0.33333337
0.33333337
0.33333337
0.33333337
0.22222224
0.5555556
0.33333337
0.33333337
0.33333337
0.33333337
0.33333337
0.33333337
0.33333337
0.11111112
0.33333337
0.33333337
0.22222224
0.33333337
0.33333337
0.33333337
0.33333337
0.33333337
0.33333337
0.33333337
0.22222224
0.22222224
0.33333337
0.5555556
0.33333337
0.33333337
0.33333337
0.33333337
0.33333337
0.33333337
0.33333337
0.33333337
0.33333337
0.33333337
0.33333337
0.33333337
0.33333337
0.33333337
0.33333337
0.33333337
0.33333337
0.33333337
0.5555556
0.33333337
0.33333337
0.33333337
0.33333337
0.33333337
0.33333337
0.22222224
0.33333337
0.33333337
0.33333337
0.5555556
0.33333337
0.33333337
0.33333337
0.22222224
0.33333337
0.5555556
0.22222224
0.33333337
0.33333337
0.22222224
0.33333337
0.5555556
0.33333337
0.33333337
0.33333337
0.33333337
0.5555556
0.33333337
0.33333337
0.33333337
0.5555556
0.33333337
0.33333337
0.33333337
0.33333337
0.33333337
0.33333337
0.22222224
0.33333337
0.33333337
0.33333337
0.33333337
0.33333337
0.22222224
0.33333337
0.33333337
0.22222224
0.22222224
0.5555556
0.33333337
0.33333337
0.33333337
0.33333337
0.33333337
0.33333337
0.22222224
0.33333337
0.33333337
0.33333337
0.33333337
0.33333337
0.33333337
0.33333337
0.33333337
0.33333337
0.33333337
0.33333337
0.33333337
0.33333337
0.33333337
0.33333337
0.33333337
0.22222224
0.33333337
0.33333337
0.33333337
0.33333337
0.33333337
0.33333337
0.33333337
0.33333337
0.22222224
0.33333337
0.33333337
0.33333337
0.33333337
0.33333337
0.22222224
0.22222224
0.33333337
0.33333337
0.33333337
0.33333337
0.33333337
0.33333337
0.5555556
0.33333337
0.33333337
0.33333337
0.33333337
0.33333337
0.33333337
0.5555556
0.33333337
0.33333337
0.33333337
0.33333337
0.22222224
0.33333337
0.33333337
0.22222224
0.22222224
0.33333337
0.33333337
0.33333337
0.33333337
0.33333337
0.33333337
0.33333337
0.33333337
0.33333337
0.33333337
0.33333337
0.33333337
0.33333337
0.33333337
0.33333337
0.33333337
0.33333337
0.33333337
0.33333337
0.33333337
0.33333337
0.22222224
0.33333337
0.33333337
0.33333337
0.33333337
0.33333337
0.33333337
0.33333337
0.33333337
0.22222224
0.33333337
0.22222224
0.33333337
0.33333337
0.33333337
0.33333337
0.33333337
0.33333337
0.33333337
0.33333337
0.33333337
0.33333337
0.33333337
0.33333337
0.33333337
0.33333337
0.33333337
0.33333337
0.33333337
0.33333337
0.5555556
0.33333337
0.33333337
0.33333337
0.22222224
0.33333337
0.33333337
0.22222224
0.33333337
0.22222224
0.33333337
0.33333337
0.22222224
0.33333337
0.33333337
0.33333337
0.5555556
0.33333337
0.33333337
0.33333337
0.33333337
0.33333337
0.33333337
0.33333337
0.33333337
0.33333337
0.33333337
0.33333337
0.33333337
0.33333337
0.33333337
0.33333337
0.33333337
0.33333337
0.33333337
0.33333337
0.33333337
0.33333337
0.33333337
0.33333337
0.33333337
0.33333337
0.22222224
0.33333337
0.33333337
0.33333337
0.33333337
0.22222224
0.33333337
0.33333337
0.33333337
0.33333337
0.33333337
0.33333337
0.33333337
0.33333337
0.33333337
0.33333337
0.33333337
0.33333337
0.33333337
0.33333337
0.5555556
0.5555556
0.33333337
0.33333337
0.33333337
0.33333337
0.33333337
0.33333337
0.22222224
0.33333337
0.33333337
0.33333337
0.33333337
0.33333337
0.33333337
0.33333337
0.33333337
0.33333337
0.33333337
0.33333337
0.33333337
0.33333337
0.33333337
0.33333337
0.33333337
0.33333337
0.33333337
0.33333337
0.33333337
0.33333337
0.33333337
0.5555556
0.33333337
0.33333337
0.33333337
0.33333337
0.33333337
0.33333337
0.33333337
0.33333337
0.33333337
0.33333337
0.33333337
0.5555556
0.33333337
0.22222224
0.33333337
0.33333337
0.33333337
0.33333337
0.5555556
0.33333337
0.33333337
0.22222224
0.33333337
0.33333337
0.33333337
0.11111112
0.33333337
0.33333337
0.33333337
0.33333337
0.33333337
0.33333337
0.33333337
0.33333337
0.33333337
0.33333337
0.33333337
0.33333337
0.33333337
0.33333337
0.33333337
0.22222224
0.33333337
0.33333337
0.33333337
0.33333337
0.33333337
0.33333337
0.33333337
0.33333337
0.33333337
0.33333337
0.33333337
0.33333337
0.22222224
0.33333337
0.33333337
0.33333337
0.33333337
0.33333337
0.33333337
0.5555556
0.33333337
0.22222224
0.33333337
0.22222224
0.33333337
0.33333337
0.33333337
0.33333337
0.33333337
0.22222224
0.33333337
0.22222224
0.22222224
0.33333337
0.33333337
0.33333337
0.33333337
0.33333337
0.33333337
0.33333337
0.5555556
0.33333337
0.33333337
0.33333337
0.33333337
0.33333337
0.33333337
0.33333337
0.33333337
0.33333337
0.33333337
0.33333337
0.22222224
0.22222224
0.33333337
0.5555556
0.33333337
0.33333337
0.33333337
0.33333337
0.33333337
0.33333337
0.33333337
0.33333337
0.33333337
0.33333337
0.33333337
0.22222224
0.33333337
0.33333337
0.33333337
0.33333337
0.33333337
0.33333337
0.33333337
0.33333337
0.33333337
0.33333337
0.33333337
0.5555556
0.33333337
0.33333337
0.33333337
0.33333337
0.33333337
0.33333337
0.33333337
0.33333337
0.22222224
0.33333337
0.33333337
0.22222224
0.33333337
0.33333337
0.33333337
0.33333337
0.33333337
0.33333337
0.33333337
0.33333337
0.33333337
0.33333337
0.33333337
0.33333337
0.33333337
0.22222224
0.33333337
0.33333337
0.33333337
0.33333337
0.33333337
0.33333337
0.33333337
0.33333337
0.33333337
0.33333337
0.33333337
0.33333337
0.33333337
0.22222224
0.33333337
0.22222224
0.11111112
0.22222224
0.33333337
0.33333337
0.22222224
0.33333337
0.33333337
0.33333337
0.33333337
0.33333337
0.33333337
0.33333337
0.33333337
0.33333337
0.33333337
0.33333337
0.33333337
0.33333337
0.5555556
0.33333337
0.33333337
0.33333337
0.33333337
0.22222224
0.33333337
0.33333337
0.33333337
0.33333337
0.33333337
0.33333337
0.22222224
0.33333337
0.33333337
0.33333337
0.22222224
0.33333337
0.33333337
0.22222224
0.33333337
0.33333337
0.33333337
0.33333337
0.33333337
0.33333337
0.33333337
0.33333337
0.33333337
0.33333337
0.33333337
0.33333337
0.33333337
0.33333337
0.33333337
0.33333337
0.33333337
0.33333337
0.5555556
0.22222224
0.33333337
0.33333337
0.33333337
0.33333337
0.5555556
0.22222224
0.33333337
0.33333337
0.22222224
0.33333337
0.33333337
0.33333337
0.33333337
0.33333337
0.33333337
0.33333337
0.33333337
0.33333337
0.33333337
0.33333337
0.33333337
0.33333337
0.33333337
0.22222224
0.33333337
0.33333337
0.33333337
0.33333337
0.33333337
0.33333337
0.33333337
0.33333337
0.33333337
0.33333337
0.33333337
0.33333337
0.33333337
0.22222224
0.33333337
0.33333337
0.33333337
0.33333337
0.33333337
0.22222224
0.22222224
0.33333337
0.33333337
0.33333337
0.33333337
0.33333337
0.33333337
0.33333337
0.33333337
0.22222224
0.22222224
0.33333337
0.33333337
0.22222224
0.33333337
0.33333337
0.33333337
0.22222224
0.33333337
0.33333337
0.33333337
0.22222224
0.33333337
0.22222224
0.33333337
0.33333337
0.33333337
0.33333337
0.22222224
0.33333337
0.33333337
0.33333337
0.33333337
0.33333337
0.11111112
0.33333337
0.33333337
0.33333337
0.33333337
0.33333337
0.33333337
0.33333337
0.33333337
0.33333337
0.33333337
0.22222224
0.33333337
0.33333337
0.33333337
0.33333337
0.33333337
0.33333337
0.33333337
0.33333337
0.33333337
0.33333337
0.33333337
0.22222224
0.33333337
0.33333337
0.33333337
0.33333337
0.33333337
0.33333337
0.33333337
0.33333337
0.22222224
0.33333337
0.33333337
0.33333337
0.33333337
0.33333337
0.33333337
0.33333337
0.33333337
0.5555556
0.33333337
0.33333337
0.33333337
0.33333337
0.33333337
0.33333337
0.33333337
0.5555556
0.33333337
0.33333337
0.33333337
0.33333337
0.33333337
0.33333337
0.5555556
0.33333337
0.22222224
0.33333337
0.33333337
0.33333337
0.33333337
0.33333337
0.33333337
0.33333337
0.22222224
0.33333337
0.33333337
0.33333337
0.33333337
0.33333337
0.33333337
0.33333337
0.22222224
0.33333337
0.33333337
0.33333337
0.33333337
0.33333337
0.33333337
0.33333337
0.33333337
0.33333337
0.33333337
0.33333337
0.33333337
0.33333337
0.33333337
0.33333337
0.33333337
0.22222224
0.22222224
0.33333337
0.33333337
0.33333337
0.33333337
0.33333337
0.33333337
0.33333337
0.33333337
0.33333337
0.33333337
0.33333337
0.33333337
0.33333337
0.33333337
0.22222224
0.22222224
0.33333337
0.33333337
0.33333337
0.33333337
0.33333337
0.33333337
0.33333337
0.33333337
0.33333337
0.22222224
0.33333337
0.33333337
0.33333337
0.33333337
0.33333337
0.33333337
0.33333337
0.33333337
0.33333337
0.33333337
0.33333337
0.33333337
0.33333337
0.33333337
0.22222224
0.33333337
0.33333337
0.33333337
0.33333337
0.33333337
0.22222224
0.33333337
0.22222224
0.33333337
0.33333337
0.33333337
0.33333337
0.33333337
